60 885 
1 2 1
1 58 1
1 47 1
1 57 1
1 27 1
1 54 1
1 53 1
1 24 1
1 50 1
1 48 1
1 39 1
1 40 1
1 35 1
1 31 1
1 59 1
1 11 1
1 34 1
1 13 1
1 16 1
1 19 1
1 20 1
1 30 1
1 12 1
1 10 1
1 44 1
1 3 1
1 15 1
1 60 1
1 5 1
1 9 1
1 38 1
1 46 1
1 52 1
1 8 1
2 48 1
2 40 1
2 47 1
2 46 1
2 26 1
2 25 1
2 28 1
2 11 1
2 45 1
2 29 1
2 23 1
2 5 1
2 16 1
2 34 1
2 8 1
2 43 1
2 54 1
2 14 1
2 31 1
2 35 1
2 4 1
2 38 1
2 42 1
2 33 1
2 37 1
2 27 1
2 24 1
2 53 1
2 30 1
2 20 1
2 56 1
3 12 1
3 34 1
3 44 1
3 33 1
3 29 1
3 37 1
3 57 1
3 9 1
3 13 1
3 39 1
3 55 1
3 49 1
3 40 1
3 46 1
3 5 1
3 21 1
3 22 1
3 20 1
3 43 1
3 14 1
3 26 1
3 60 1
3 19 1
3 52 1
3 45 1
3 38 1
3 8 1
3 23 1
3 24 1
3 18 1
4 46 1
4 31 1
4 8 1
4 24 1
4 48 1
4 39 1
4 55 1
4 27 1
4 6 1
4 9 1
4 14 1
4 13 1
4 29 1
4 52 1
4 51 1
4 43 1
4 19 1
4 49 1
4 7 1
4 59 1
4 53 1
4 28 1
4 23 1
4 15 1
4 58 1
5 58 1
5 60 1
5 19 1
5 59 1
5 54 1
5 50 1
5 26 1
5 37 1
5 40 1
5 27 1
5 55 1
5 11 1
5 13 1
5 35 1
5 46 1
5 44 1
5 14 1
5 32 1
5 28 1
5 34 1
5 33 1
5 30 1
5 51 1
5 17 1
5 29 1
5 24 1
5 43 1
5 53 1
5 15 1
5 18 1
5 7 1
5 48 1
5 16 1
6 18 1
6 9 1
6 23 1
6 32 1
6 25 1
6 17 1
6 39 1
6 11 1
6 48 1
6 31 1
6 30 1
6 42 1
6 59 1
6 46 1
6 53 1
6 27 1
6 13 1
6 14 1
6 57 1
6 37 1
6 34 1
6 20 1
6 10 1
6 22 1
6 44 1
6 47 1
6 52 1
6 7 1
6 19 1
6 29 1
7 49 1
7 38 1
7 60 1
7 44 1
7 9 1
7 23 1
7 57 1
7 35 1
7 15 1
7 56 1
7 10 1
7 45 1
7 59 1
7 54 1
7 22 1
7 24 1
7 33 1
7 39 1
7 18 1
7 47 1
7 28 1
7 17 1
7 31 1
7 12 1
7 34 1
8 37 1
8 44 1
8 9 1
8 36 1
8 39 1
8 35 1
8 18 1
8 47 1
8 57 1
8 43 1
8 32 1
8 17 1
8 46 1
8 27 1
8 51 1
8 55 1
8 26 1
8 28 1
8 12 1
8 30 1
8 52 1
8 29 1
8 11 1
9 19 1
9 34 1
9 29 1
9 47 1
9 28 1
9 44 1
9 24 1
9 22 1
9 20 1
9 16 1
9 37 1
9 18 1
9 33 1
9 25 1
9 60 1
9 21 1
9 35 1
9 38 1
9 26 1
9 32 1
9 53 1
9 39 1
9 49 1
10 33 1
10 34 1
10 29 1
10 45 1
10 39 1
10 60 1
10 55 1
10 22 1
10 16 1
10 43 1
10 47 1
10 15 1
10 57 1
10 54 1
10 58 1
10 42 1
10 27 1
10 40 1
10 52 1
10 32 1
10 48 1
10 24 1
10 56 1
10 51 1
10 14 1
10 53 1
10 59 1
10 23 1
10 46 1
11 54 1
11 29 1
11 55 1
11 37 1
11 15 1
11 49 1
11 39 1
11 50 1
11 60 1
11 16 1
11 31 1
11 13 1
11 12 1
11 27 1
11 53 1
11 56 1
11 34 1
11 45 1
11 57 1
11 22 1
11 19 1
11 48 1
11 20 1
11 58 1
12 44 1
12 52 1
12 20 1
12 32 1
12 45 1
12 42 1
12 41 1
12 16 1
12 31 1
12 50 1
12 55 1
12 47 1
12 40 1
12 57 1
12 27 1
12 60 1
12 38 1
12 53 1
12 28 1
12 29 1
12 22 1
12 18 1
12 56 1
12 36 1
12 24 1
12 13 1
12 21 1
12 19 1
12 23 1
13 30 1
13 38 1
13 41 1
13 28 1
13 58 1
13 46 1
13 57 1
13 48 1
13 31 1
13 51 1
13 39 1
13 37 1
13 17 1
13 18 1
13 55 1
13 15 1
13 26 1
13 59 1
13 43 1
13 49 1
13 34 1
14 39 1
14 37 1
14 34 1
14 52 1
14 33 1
14 44 1
14 38 1
14 60 1
14 19 1
14 16 1
14 51 1
14 24 1
14 31 1
14 15 1
14 18 1
14 46 1
14 53 1
14 25 1
14 17 1
14 55 1
14 57 1
14 43 1
14 32 1
15 24 1
15 16 1
15 45 1
15 48 1
15 55 1
15 59 1
15 43 1
15 56 1
15 42 1
15 17 1
15 47 1
15 35 1
15 25 1
15 33 1
15 46 1
15 36 1
15 20 1
15 27 1
16 30 1
16 26 1
16 37 1
16 28 1
16 29 1
16 38 1
16 25 1
16 33 1
16 20 1
16 34 1
16 44 1
16 17 1
16 45 1
16 39 1
16 36 1
16 21 1
16 58 1
16 57 1
17 30 1
17 32 1
17 44 1
17 37 1
17 42 1
17 48 1
17 19 1
17 31 1
17 56 1
17 18 1
17 49 1
17 43 1
17 51 1
17 50 1
17 46 1
17 39 1
17 38 1
17 45 1
17 57 1
17 52 1
17 60 1
17 53 1
18 56 1
18 55 1
18 47 1
18 20 1
18 51 1
18 23 1
18 24 1
18 41 1
18 44 1
18 33 1
18 46 1
18 30 1
18 25 1
18 35 1
18 31 1
18 21 1
18 36 1
19 30 1
19 35 1
19 38 1
19 40 1
19 60 1
19 49 1
19 43 1
19 34 1
19 36 1
19 59 1
19 20 1
19 56 1
19 57 1
19 55 1
19 45 1
19 32 1
20 48 1
20 59 1
20 52 1
20 54 1
20 56 1
20 30 1
20 29 1
20 36 1
20 50 1
20 38 1
20 57 1
20 32 1
20 21 1
20 44 1
20 23 1
20 39 1
20 40 1
21 36 1
21 34 1
21 60 1
21 38 1
21 23 1
21 33 1
21 35 1
21 22 1
21 26 1
21 56 1
21 50 1
21 37 1
21 58 1
21 31 1
21 32 1
21 43 1
21 45 1
21 49 1
21 28 1
21 27 1
21 55 1
22 41 1
22 46 1
22 38 1
22 25 1
22 60 1
22 51 1
22 23 1
22 29 1
22 48 1
22 47 1
22 44 1
22 28 1
22 55 1
22 50 1
22 36 1
22 31 1
22 33 1
22 43 1
22 30 1
22 57 1
23 49 1
23 36 1
23 32 1
23 48 1
23 39 1
23 46 1
23 51 1
23 53 1
23 35 1
23 54 1
23 55 1
23 56 1
23 37 1
23 28 1
23 52 1
23 58 1
23 59 1
23 24 1
23 42 1
23 31 1
24 46 1
24 50 1
24 32 1
24 49 1
24 36 1
24 38 1
24 60 1
24 56 1
24 44 1
24 53 1
24 30 1
24 48 1
24 57 1
24 35 1
24 40 1
24 43 1
24 58 1
25 33 1
25 41 1
25 53 1
25 34 1
25 59 1
25 31 1
25 57 1
25 50 1
25 56 1
25 38 1
25 58 1
25 51 1
25 55 1
25 60 1
25 37 1
25 42 1
25 45 1
26 27 1
26 47 1
26 36 1
26 55 1
26 38 1
26 40 1
26 57 1
26 34 1
26 44 1
26 59 1
26 49 1
26 54 1
26 52 1
26 48 1
26 37 1
26 41 1
26 50 1
27 33 1
27 53 1
27 58 1
27 48 1
27 49 1
27 36 1
27 60 1
27 43 1
27 39 1
27 44 1
27 42 1
27 50 1
27 51 1
27 56 1
27 55 1
27 57 1
27 47 1
28 58 1
28 51 1
28 59 1
28 35 1
28 48 1
28 47 1
28 50 1
28 44 1
28 41 1
28 38 1
28 55 1
28 60 1
28 40 1
28 31 1
28 34 1
28 30 1
28 42 1
28 29 1
29 60 1
29 38 1
29 44 1
29 36 1
29 58 1
29 37 1
29 31 1
29 30 1
29 57 1
29 40 1
29 53 1
29 56 1
29 45 1
29 34 1
29 50 1
29 47 1
29 51 1
29 39 1
30 55 1
30 57 1
30 53 1
30 54 1
30 50 1
30 60 1
30 48 1
30 39 1
30 49 1
30 38 1
30 43 1
30 41 1
30 32 1
30 31 1
30 52 1
30 58 1
31 40 1
31 43 1
31 44 1
31 54 1
31 37 1
31 49 1
31 59 1
31 45 1
31 56 1
31 46 1
31 52 1
31 47 1
31 48 1
31 34 1
31 32 1
31 50 1
31 41 1
31 51 1
32 58 1
32 40 1
32 53 1
32 33 1
32 57 1
32 60 1
32 41 1
32 38 1
32 51 1
32 50 1
32 52 1
32 49 1
32 44 1
32 54 1
33 38 1
33 48 1
33 44 1
33 52 1
33 41 1
33 59 1
33 35 1
33 56 1
33 57 1
33 45 1
33 60 1
33 43 1
33 34 1
33 53 1
33 37 1
33 50 1
34 57 1
34 48 1
34 44 1
34 47 1
34 56 1
34 43 1
34 54 1
34 46 1
34 39 1
34 37 1
34 45 1
34 53 1
34 49 1
35 37 1
35 53 1
35 49 1
35 40 1
35 43 1
35 45 1
35 46 1
35 56 1
35 50 1
35 59 1
35 38 1
36 46 1
36 39 1
36 38 1
36 49 1
36 51 1
36 57 1
36 48 1
36 59 1
36 52 1
36 50 1
36 44 1
36 53 1
36 60 1
37 48 1
37 60 1
37 57 1
37 58 1
37 49 1
37 41 1
37 44 1
37 50 1
37 42 1
37 38 1
37 56 1
37 51 1
37 55 1
38 47 1
38 45 1
38 54 1
38 39 1
38 48 1
38 53 1
38 40 1
38 50 1
38 46 1
38 43 1
39 43 1
39 51 1
39 49 1
39 55 1
39 47 1
39 40 1
39 41 1
39 50 1
39 54 1
39 45 1
40 44 1
40 56 1
40 49 1
40 51 1
40 50 1
40 47 1
40 45 1
40 55 1
40 59 1
40 48 1
40 46 1
41 45 1
41 59 1
41 53 1
41 44 1
41 46 1
41 58 1
41 48 1
41 56 1
41 47 1
42 47 1
42 58 1
42 60 1
42 51 1
42 54 1
42 49 1
42 50 1
43 53 1
43 49 1
43 51 1
43 60 1
43 47 1
43 58 1
43 44 1
43 59 1
43 48 1
43 54 1
44 60 1
44 58 1
44 52 1
44 45 1
44 47 1
44 48 1
45 49 1
45 56 1
45 59 1
45 46 1
45 51 1
45 55 1
45 60 1
45 47 1
46 53 1
46 57 1
46 48 1
46 55 1
47 49 1
47 57 1
47 59 1
47 52 1
48 53 1
48 57 1
48 56 1
48 59 1
48 58 1
49 59 1
49 55 1
49 52 1
49 58 1
49 57 1
50 58 1
50 55 1
50 52 1
51 59 1
51 58 1
51 57 1
51 55 1
51 52 1
51 54 1
52 53 1
52 60 1
52 58 1
52 57 1
53 60 1
53 57 1
53 58 1
53 59 1
54 57 1
54 60 1
54 56 1
54 59 1
55 59 1
55 57 1
55 56 1
55 58 1
56 59 1
56 57 1
57 58 1
57 60 1
